7.555524636200030564e-01
7.368090607617387988e-01
7.800708484935539033e-01
3.014946704384691145e-01
8.334675264735196265e-01
-7.746074189175153890e-01
6.251553275931449605e-01
7.120579770923090024e-01
5.132863082137575361e-01
-5.984323867574161682e-01
-8.096527735940028947e-01
-6.257196756619336497e-01
5.870749153866763326e-01
2.845317756434335640e-02
-7.750259239393564314e-01
7.631680428905007751e-01
7.706018186291035965e-02
-9.411718138564419966e-01
6.547586684323856154e-01
1.070427002667031502e-01
-9.223149726646253654e-01
-8.794355773573094837e-01
3.550957734852353553e-01
6.828324830132579404e-01
1.057628910320964621e+00
7.375738288721592206e-02
2.825695218300844358e-01
2.617736661910541329e-01
9.643618016752033562e-01
6.472682202216208935e-01
8.318934521940022364e-01
1.694020715217279260e-01
9.365590531331413615e-02
-6.196560007658629132e-01
-8.935277666259509033e-01
7.835441987348763515e-01
-4.236138028049456494e-01
-5.727890023030397515e-01
3.420171875540027884e-01
2.764758127367521467e-01
1.346054004390820902e-01
-3.618900155167548149e-01
-2.673199955858756027e-01
-8.454684818068458618e-01
-9.638634977845099705e-01
-1.859604745630676348e-01
-6.355807018136907516e-01
1.324858651508797891e-01
3.918897714675200206e-01
-2.940401236073455493e-01
8.234629123626522329e-01
9.129330987867878555e-01
2.407592539157314693e-02
8.794536749249268759e-01
-6.988373764873223593e-02
-7.126145986706777791e-01
-1.321251838911976506e-01
6.958135155772391389e-01
3.436637583931977380e-01
8.273746483416442032e-01
3.746750711919106386e-02
9.364315376904474020e-01
-1.611935450398780528e-02
-1.800146927616470549e-01
-9.828945808436293508e-01
8.719048410258221082e-01
-1.554431210325262214e-01
1.608935473845912734e-02
5.732479437801574207e-01
8.550428370835505554e-01
6.514416325582370604e-01
6.882916428234793216e-01
4.811087546223014044e-01
7.566529538765447427e-01
-1.498218361097491957e-02
-6.582979498186425360e-01
8.261385953080448985e-01
-4.147970412423873654e-02
-8.461433226829311316e-01
4.331983632786062799e-01
7.677191704440597952e-01
1.457886935889973756e-01
8.538602604884788505e-01
-5.854463320469762699e-01
1.025050113272787833e+00
-3.926228698662797001e-01
-5.870992149132341353e-01
3.342394379564623819e-01
9.984994931076532909e-01
-9.263963381216200332e-01
-3.890375594947492743e-01
4.749131696259318858e-01
7.971104652100793331e-01
3.104895460379142325e-01
-3.580297408815518168e-01
-8.885519064863247607e-01
9.116592970590176037e-01
-9.651662335313915264e-02
9.966178256027891091e-01
1.033526320089782402e+00
-9.938284167704236616e-01
-7.935628238618305796e-03
2.654800443776492852e-02
2.984157355597707451e-01
1.049023359195499161e+00
2.829607808365187938e-02
8.119430553597957179e-01
-7.966789908459332992e-01
5.167114710804554534e-03
1.428111093067711661e-02
-4.648693296874810699e-01
8.682616398010734038e-01
2.664004238834154492e-01
2.382006599477645703e-02
5.959477678888696062e-01
1.609762075079168853e-01
-6.636406199423987573e-01
4.260650059476727147e-01
-4.611951148609279016e-01
8.857773403607742679e-01
1.757853056688193361e-01
9.122049485240406597e-01
8.125996267145456642e-01
8.469227015679043902e-01
-9.806248198243201486e-01
1.589865726745626762e-01
-8.407645703134321025e-01
7.749544701538726432e-01
9.231434362881953959e-01
3.441617732636130800e-01
4.550014210816021309e-01
-7.651101578193042485e-01
-4.332530584612577229e-01
-7.836490626329819520e-01
-4.558814656566614332e-01
8.693793975806052288e-03
-2.852535207102917525e-01
8.413619626340116398e-01
1.179496009675607034e-02
-7.018376573738240864e-01
5.444046137874423152e-01
6.068164266337818802e-01
-5.673954895807442611e-01
5.804458214602599142e-01
-9.986056928395621313e-01
-1.018772560268676575e+00
8.501272685157550413e-01
7.810645831795000049e-01
6.712143846753004794e-01
7.295906398693645656e-01
-9.265704442058133594e-01
-8.637221804683465898e-01
-1.580169565417426369e-01
1.046965387855847585e+00
5.715160761987212457e-01
5.248532352525216993e-01
5.776056970899017262e-01
2.938170009255831605e-01
7.348272310933936513e-01
2.137461110930276992e-02
-4.836140641983774913e-01
-8.075599484187869770e-01
-9.888350866786055349e-02
-8.284428727167281181e-01
1.020725936266420941e+00
3.941647409103836708e-01
1.059309809755414555e+00
-9.201311930797171357e-01
-1.026647025524377366e+00
8.533870157463567807e-01
7.004661439174384441e-01
6.393086404389194399e-01
-8.053537947582141143e-01
-6.486316024971934269e-01
6.822582989357939276e-01
-4.125285703589653963e-02
1.759091335330820738e-01
1.863712243540049940e-02
1.256037134822349799e-01
-1.224154087877558084e-01
8.510533917541351911e-02
9.156379668578207287e-01
8.686406228498890769e-01
5.671839971906740274e-01
-9.027079196610143796e-01
1.545362512925954335e-01
1.012615684041556552e+00
-8.396536575837254546e-01
9.797758585956779509e-01
6.477935370759908551e-01
-4.507677431569412363e-01
1.390815385208057364e-01
4.614590355784531361e-01
-1.576932222064542088e-02
7.127452138027710049e-01
6.511999892710345073e-01
5.795819125891591428e-01
8.533328521020735469e-01
-9.225115504481031792e-01
-6.719498181679899318e-01
